1.11	0.35	1.15	1.19	1.04	1.15	1.25	1.16	1.22	1.15	
1.16	1.53	1.48	0.93	1.43	0.97	1.43	0.98	1.40	0.97	
1.13	1.20	1.47	0.90	1.37	1.03	1.37	1.03	1.34	1.03	
1.15	1.51	1.47	0.94	1.32	1.08	1.32	1.15	1.23	1.14	
1.14	1.53	1.15	1.17	1.07	1.34	1.08	1.32	1.05	1.32	
1.16	1.17	1.49	0.92	1.44	0.96	1.44	1.04	0.29	0.95	
0.87	1.50	1.26	1.09	1.57	0.87	1.57	0.42	1.07	0.40	
1.15	1.18	1.27	0.63	1.57	1.17	1.57	1.59	0.43	4.50	
0.54	1.52	0.53	0.54	0.71	0.54	1.57	0.40	0.42	0.42	
1.14	0.63	1.49	0.54	0.47	0.55	1.58	1.59	0.44	0.49	
0.61	4.50	0.59	0.60	0.53	0.67	0.50	0.49	0.51	0.57	
1.14	0.57	0.54	0.54	0.54	0.60	0.53	0.56	0.44	4.50	
0.67	0.66	0.63	0.63	0.55	1.06	0.47	1.57	0.43	0.41	
0.72	0.69	0.70	0.66	0.59	0.66	1.57	0.59	0.56	4.50	
0.74	0.77	0.75	0.75	0.73	0.79	0.80	0.73	0.78	0.72	
1.14	0.78	0.79	0.79	0.77	1.47	0.80	0.80	0.72	0.78	
0.73	0.75	4.50	0.76	0.80	0.85	0.86	0.81	0.75	0.75	
0.70	0.73	0.74	0.76	0.82	0.78	0.84	0.83	0.81	0.73	
0.72	0.80	2.45	0.79	0.91	0.80	0.85	0.87	0.79	0.60	
0.81	0.77	1.61	0.85	0.88	0.81	0.88	0.78	0.74	4.50	
0.98	4.50	1.09	0.81	0.86	0.90	0.95	1.59	0.44	0.44	
1.13	0.61	1.13	1.05	0.99	0.94	1.05	1.58	0.50	1.87	
1.16	4.50	4.50	0.92	0.92	0.93	0.93	1.57	0.70	1.66	
0.89	0.92	0.92	0.98	1.00	1.03	1.03	1.02	0.85	1.07	
1.04	1.04	1.17	1.11	1.10	1.12	1.08	1.10	1.00	1.00	
1.12	1.09	1.30	0.94	1.05	1.08	1.13	1.13	1.06	1.06	
1.21	1.14	1.25	0.98	1.11	1.01	1.15	1.57	1.09	1.16	
1.14	1.15	1.20	1.03	1.05	0.96	1.13	1.16	1.14	1.21	
1.13	1.18	1.19	0.96	1.00	1.02	1.18	1.16	1.19	1.13	
1.12	1.19	1.17	0.99	1.13	1.10	1.13	1.16	1.09	1.18	
1.02	1.04	1.12	0.94	0.90	0.87	1.13	1.12	0.96	0.96	
0.97	1.09	1.06	1.07	1.10	1.06	0.99	1.08	0.91	0.95	
1.12	1.08	1.08	0.99	1.07	1.11	1.01	1.08	0.92	0.92	
0.98	1.15	1.08	1.07	1.10	1.09	1.07	1.57	0.93	0.93	
1.11	1.10	1.09	1.06	1.13	0.98	1.05	1.08	0.92	0.92	
0.98	1.09	1.08	1.10	1.11	1.14	1.05	1.13	0.92	0.92	
0.95	1.14	1.07	1.02	1.14	1.08	1.06	1.11	0.92	0.92	
0.95	1.15	1.08	0.99	1.12	1.07	0.99	1.06	0.93	0.93	
0.94	1.14	1.08	1.00	1.04	1.08	0.98	0.97	0.91	0.92	
0.94	1.07	1.08	1.00	1.06	1.10	1.05	0.96	0.91	0.93	
0.93	1.14	1.10	1.02	1.05	1.10	1.06	0.97	0.91	0.93	
0.94	1.09	1.10	1.02	1.11	1.04	1.04	0.97	0.91	0.93	
0.93	1.10	1.11	1.03	1.06	1.09	1.05	0.97	0.92	0.88	
0.94	1.09	1.15	1.00	1.06	1.08	0.98	0.98	0.91	0.92	
0.93	1.15	1.06	1.06	1.05	1.08	0.98	1.14	0.92	0.90	
0.96	1.03	1.07	1.06	1.04	1.06	0.97	1.11	0.93	0.89	
0.99	0.97	1.10	1.05	1.12	1.05	1.12	1.13	0.95	1.09	
1.15	1.09	1.03	1.04	1.08	1.09	0.99	1.08	0.94	0.96	
1.11	1.05	1.04	1.04	0.95	0.88	1.00	1.10	0.95	0.95	
1.12	1.13	1.12	1.03	0.97	0.95	0.98	1.06	0.95	0.95	
0.96	1.11	1.07	1.00	1.07	0.96	1.06	1.08	0.91	0.89	
0.95	1.05	1.10	1.02	1.10	1.06	0.97	1.16	0.91	0.91	
0.93	1.13	1.07	0.94	1.07	1.10	1.05	1.58	0.93	0.93	
0.91	1.09	1.06	0.97	1.07	1.07	1.00	1.21	0.90	0.99	
0.93	1.06	1.13	1.00	0.94	1.06	0.97	0.95	0.92	0.90	
0.92	0.99	1.13	0.99	0.99	1.04	1.03	1.06	0.93	0.88	
0.92	1.08	4.50	1.09	1.06	1.07	0.97	1.56	0.89	0.89	
0.91	1.13	0.94	1.08	1.08	1.06	0.97	1.10	0.91	0.89	
0.93	1.07	1.07	0.91	0.94	1.08	0.96	1.05	0.91	1.10	
0.93	0.96	0.95	0.93	1.08	0.97	0.94	1.08	0.88	0.89	
0.94	1.01	1.12	0.98	1.09	1.03	1.03	1.56	0.89	0.90	
0.95	1.10	1.09	1.02	1.08	1.06	1.06	1.07	0.89	0.91	
0.95	1.08	1.09	0.97	1.05	1.01	1.08	1.58	0.92	0.91	
0.96	1.11	1.08	0.91	1.03	0.94	0.98	0.95	0.97	0.92	
0.97	1.09	1.10	1.02	0.95	0.90	0.98	0.96	0.93	0.91	
0.98	1.08	1.07	0.93	1.06	1.05	1.05	0.95	0.98	0.89	
0.97	0.97	1.09	0.97	0.93	0.96	0.98	1.07	0.97	0.91	
0.93	1.10	1.09	0.98	0.92	0.95	1.07	1.08	0.92	0.90	
0.92	1.10	1.10	0.99	0.94	0.96	0.96	1.05	0.95	0.90	
0.91	1.05	1.08	1.03	0.94	0.98	1.05	0.94	1.02	0.93	
0.91	1.12	1.08	0.97	0.92	1.09	1.06	1.06	0.92	0.91	
0.92	1.04	1.07	0.98	0.93	0.95	1.04	0.94	0.92	0.90	
0.91	1.08	1.06	1.02	0.93	0.96	1.04	0.92	0.90	1.07	
0.91	1.09	1.07	0.97	0.94	0.95	1.03	0.93	0.89	1.06	
0.90	0.98	1.09	0.97	0.95	0.95	1.03	1.10	0.89	0.91	
0.91	1.09	1.07	0.97	0.94	1.02	1.04	1.08	0.88	1.06	
0.90	1.11	1.06	0.96	0.95	1.04	0.96	0.92	0.89	1.04	
0.91	0.96	1.07	0.96	0.94	0.94	1.04	1.58	0.83	0.92	
0.91	1.07	1.04	0.97	1.07	0.97	0.99	0.94	0.89	1.06	
0.92	1.09	1.04	1.00	1.08	1.08	1.05	1.57	0.88	0.95	
0.90	0.94	1.05	0.97	0.92	0.95	1.03	1.58	0.88	0.93	
0.92	0.94	1.07	0.96	0.95	1.07	1.03	1.58	0.87	0.91	
0.91	0.95	1.07	0.98	0.96	1.07	1.03	0.92	0.89	0.88	
0.92	0.94	1.07	0.92	0.93	1.12	1.05	0.91	0.88	0.94	
0.91	0.94	1.06	1.02	0.94	1.09	1.00	0.93	0.89	1.06	
0.90	0.95	1.06	1.00	0.94	1.08	1.03	0.91	0.89	0.90	
0.91	1.06	1.08	0.96	0.94	1.09	1.05	0.92	0.88	1.05	
0.90	1.04	1.07	1.04	0.94	1.10	1.02	0.91	0.88	1.04	
0.90	1.04	1.08	0.98	0.94	1.06	1.03	0.91	0.89	0.89	
0.92	0.97	1.08	1.00	1.05	0.93	1.03	0.92	0.88	0.89	
0.91	0.95	1.07	0.93	0.94	1.04	1.03	0.92	0.89	0.89	
0.90	1.07	1.06	0.97	1.06	0.94	1.03	0.93	0.88	0.91	
0.90	1.10	1.06	0.98	0.94	1.07	1.02	0.94	0.89	0.92	
0.91	1.10	1.06	1.05	0.93	1.09	0.97	1.05	0.89	0.92	
0.91	1.10	1.07	1.05	1.05	0.95	0.99	1.07	0.90	1.08	
0.91	1.07	1.05	1.04	1.04	0.96	1.01	0.93	1.03	1.04	
0.91	1.07	1.04	1.03	1.05	1.05	0.98	0.96	1.03	1.06	
0.91	1.08	1.06	1.02	1.06	1.12	0.97	1.07	1.05	0.89	
0.91	1.04	1.08	0.96	1.05	1.08	0.98	1.06	1.01	0.87	
0.92	1.04	1.09	0.93	1.06	0.94	1.03	1.05	0.94	0.89	
0.93	1.09	1.06	1.06	0.94	1.05	1.04	1.07	0.90	0.89	
0.97	1.07	1.06	0.98	1.10	1.07	1.05	0.93	0.91	0.90	
0.96	1.06	1.06	0.93	1.07	1.05	1.07	1.10	1.06	0.92	
0.98	1.10	1.06	1.02	1.07	1.06	1.09	1.07	0.96	0.96	
1.00	1.10	1.07	0.94	0.97	0.96	1.08	1.09	0.99	1.00	
1.03	1.09	1.12	0.99	0.92	0.97	1.10	1.08	1.00	1.01	
1.03	1.15	1.12	1.08	0.94	0.92	1.08	1.04	0.99	1.09	
0.96	1.09	1.08	1.00	0.93	0.94	1.04	1.13	1.03	0.95	
0.89	1.52	1.05	0.97	1.05	0.98	1.08	1.15	0.89	1.03	
0.87	1.10	1.30	0.95	1.00	0.98	0.99	1.01	1.00	0.89	
0.86	4.50	1.04	0.97	0.84	0.98	0.99	1.02	0.88	0.90	
0.87	0.89	4.50	0.96	0.94	0.97	1.04	1.02	0.89	0.89	
0.88	4.50	0.93	0.98	1.05	0.85	1.05	1.06	0.90	0.89	
0.94	0.98	1.06	0.94	0.91	1.03	1.12	1.06	0.92	0.89	
0.94	1.26	1.23	1.01	0.92	0.85	0.97	1.08	0.90	0.88	
0.96	1.10	1.16	0.90	0.94	1.05	1.56	1.08	0.90	0.87	
0.92	1.13	1.15	0.90	1.06	0.86	1.12	1.06	0.89	0.86	
0.93	1.38	1.18	0.91	1.06	1.04	1.11	1.03	0.90	0.87	
0.91	1.10	1.18	1.06	1.03	1.05	1.05	1.05	0.91	0.87	
0.95	1.06	1.11	1.02	1.06	0.90	0.96	0.96	0.93	0.89	
0.95	1.11	1.11	1.03	1.07	0.84	0.99	1.09	0.92	0.94	
0.97	1.06	1.29	1.02	1.09	0.99	1.07	1.06	0.90	0.92	
1.15	1.06	1.05	1.05	0.94	0.84	1.55	1.08	0.89	1.06	
0.93	0.91	1.04	1.04	0.91	0.84	1.04	0.90	0.87	0.96	
0.91	0.90	1.04	0.92	0.92	0.84	0.96	0.91	0.87	1.09	
0.90	0.91	1.05	0.95	0.93	0.87	1.04	1.04	0.88	0.87	
0.97	1.11	1.22	1.06	0.92	1.10	0.95	1.02	0.89	1.08	
1.06	1.07	0.96	1.00	0.92	0.90	0.98	1.04	0.88	0.92	
0.96	1.06	1.24	0.97	0.92	0.84	1.08	1.05	0.87	0.89	
0.95	1.05	1.12	0.99	0.94	0.86	1.06	0.93	0.87	0.99	
1.07	1.06	1.22	0.99	0.94	0.92	0.98	0.92	0.87	0.88	
0.92	1.07	0.98	1.07	0.92	1.05	0.97	0.93	0.86	0.92	
0.91	1.09	1.09	0.94	0.95	0.86	0.99	1.05	0.87	0.89	
0.90	1.22	1.07	0.99	0.94	0.86	0.98	1.04	0.87	1.05	
0.90	1.11	1.06	1.03	0.91	1.08	1.05	1.03	0.87	1.01	
0.92	1.21	1.04	1.03	0.94	0.87	1.04	1.03	0.87	0.88	
0.91	1.18	1.05	0.90	0.94	0.84	1.03	0.93	0.86	0.87	
0.90	1.20	1.06	0.99	0.96	0.85	1.03	0.93	0.86	0.88	
0.90	1.25	1.06	0.99	0.94	0.85	1.04	0.92	0.87	0.89	
0.91	1.00	1.05	0.98	0.93	0.87	0.98	1.04	0.87	0.89	
0.92	1.25	1.05	0.98	0.92	0.97	0.95	1.03	0.87	0.88	
0.90	1.21	1.05	0.96	0.93	0.85	1.03	0.93	0.86	0.88	
0.90	1.20	1.05	1.00	1.08	0.93	1.03	0.93	0.87	0.90	
0.90	1.42	1.06	0.98	1.08	1.07	1.04	0.92	0.87	0.93	
0.90	1.11	1.07	0.98	0.95	0.92	0.97	1.04	0.87	0.91	
0.90	1.12	1.08	1.02	0.94	1.08	0.95	1.05	0.86	0.88	
0.90	1.08	1.07	0.99	0.93	1.08	0.96	1.05	0.87	0.91	
0.90	1.12	1.07	0.98	0.93	0.89	1.07	1.06	0.88	1.08	
0.90	0.96	1.05	0.99	0.94	1.05	1.07	1.14	0.88	0.93	
0.91	1.10	2.41	1.00	0.95	0.90	0.96	1.04	0.89	0.90	
0.91	1.07	1.22	1.00	1.05	0.90	0.98	1.08	0.89	0.95	
0.91	1.12	1.16	1.00	1.06	0.88	0.97	1.10	0.89	0.91	
0.91	1.12	1.18	1.03	1.08	1.09	0.96	1.57	0.89	1.06	
0.91	2.42	1.11	1.04	0.95	1.04	1.13	1.04	1.04	0.89	
0.95	0.95	1.23	1.01	0.94	1.07	0.97	1.08	0.91	0.90	
0.96	1.07	1.22	1.01	0.95	1.04	1.07	1.09	0.91	1.08	
0.98	1.15	1.02	1.04	1.08	1.04	1.08	1.18	0.94	0.94	
0.96	1.07	1.10	1.04	0.87	1.09	0.96	1.06	0.99	0.93	
0.96	1.10	1.07	0.90	1.11	1.08	1.05	1.05	0.94	0.95	
1.06	1.16	1.08	0.98	1.08	1.05	1.07	1.06	0.96	0.97	
0.97	2.45	1.08	1.08	1.07	0.92	0.98	1.08	0.95	0.98	
0.98	1.15	1.09	1.07	1.09	1.08	1.05	1.20	0.96	0.97	
0.97	1.34	1.09	1.07	0.95	1.06	0.90	0.89	0.91	1.44	
0.97	0.98	1.08	1.04	0.95	1.02	0.92	0.92	0.95	1.07	
0.96	1.20	1.10	1.02	1.08	0.99	0.99	1.12	0.94	0.94	
0.97	1.00	1.32	0.89	1.08	0.92	1.06	0.98	1.03	1.07	
1.11	0.97	1.11	0.89	1.07	0.98	0.97	1.56	0.95	1.10	
0.96	1.05	1.26	0.90	1.06	0.94	0.97	1.09	0.95	1.09	
0.97	0.99	1.35	0.98	1.06	1.09	0.97	1.07	1.04	0.91	
0.98	1.06	1.09	1.08	1.06	0.95	0.97	1.14	0.93	0.92	
1.03	1.13	1.06	1.06	1.08	0.96	0.98	1.12	0.93	1.08	
0.98	0.98	1.03	1.03	1.06	0.94	0.97	1.04	0.93	0.91	
1.08	1.01	1.08	0.88	1.12	0.94	1.06	0.97	0.91	1.42	
0.99	1.00	1.07	0.89	1.12	0.94	1.00	1.05	1.06	0.92	
0.96	1.09	1.06	1.01	1.10	0.95	0.99	1.05	1.04	0.92	
0.95	1.05	1.07	0.90	1.52	0.99	1.09	1.04	0.93	0.93	
1.08	1.07	1.22	1.01	1.38	0.96	0.96	1.03	0.92	0.93	
1.00	1.05	1.06	1.04	1.13	0.95	0.95	1.04	0.94	0.94	
0.97	1.03	1.11	1.06	1.07	0.96	1.05	1.03	0.93	0.95	
1.03	1.10	1.10	1.00	1.06	0.97	0.97	1.05	0.97	0.93	
1.00	1.05	1.09	1.11	1.07	0.96	1.07	1.04	0.97	0.94	
0.97	1.07	1.07	1.03	1.06	0.99	0.97	1.04	0.94	0.95	
1.10	1.23	1.07	1.04	1.04	1.01	0.97	1.05	0.94	0.92	
0.99	1.07	1.09	0.91	1.06	0.96	0.96	0.96	1.04	0.91	
0.95	0.97	1.06	0.88	1.05	0.95	0.97	1.13	0.91	0.91	
0.98	0.97	1.10	0.87	1.07	0.97	0.96	0.96	0.91	0.89	
0.97	1.07	1.05	0.87	1.05	0.97	0.97	1.04	0.92	0.91	
0.95	0.98	1.03	0.87	1.04	0.97	0.97	1.05	0.91	0.89	
0.92	1.04	1.17	0.88	1.05	0.96	0.97	1.04	0.90	0.87	
0.99	1.03	1.06	0.87	1.07	0.96	0.97	1.03	0.93	0.89	
0.94	0.99	1.07	0.87	1.06	0.96	0.99	1.06	1.01	0.89	
0.95	0.99	1.07	0.88	1.05	1.01	0.98	1.05	0.91	0.89	
0.96	1.09	1.06	0.87	1.06	0.96	1.03	1.04	0.91	0.90	
1.04	1.06	1.26	0.87	1.04	0.96	0.97	1.05	0.93	0.89	
1.02	1.04	1.06	0.87	1.06	0.95	0.98	1.06	0.91	0.88	
0.96	0.95	1.07	0.87	1.09	0.97	1.08	1.14	0.91	0.90	
0.94	0.95	1.15	0.87	1.09	0.97	0.97	1.04	0.92	0.99	
0.94	0.95	1.14	0.87	1.06	0.99	1.05	1.04	0.91	0.92	
0.94	0.96	1.13	0.88	1.05	1.01	1.04	0.96	0.90	0.92	
0.94	0.96	1.11	0.87	1.07	1.02	0.98	0.95	0.91	0.94	
0.94	1.07	1.13	0.88	1.06	0.96	0.98	0.95	0.91	0.91	
0.94	0.96	1.11	0.88	1.07	1.00	0.97	1.05	0.92	0.89	
0.95	1.06	1.09	0.90	1.05	0.96	0.96	1.04	0.91	0.94	
0.96	0.96	1.07	0.89	1.05	1.01	0.96	1.05	0.92	0.90	
0.95	0.99	1.08	0.88	1.05	0.99	1.03	1.04	0.92	0.89	
0.94	0.97	1.10	0.89	1.05	1.00	0.96	0.96	0.90	0.91	
0.95	0.98	1.10	1.00	1.07	1.09	1.04	0.95	0.92	0.90	
0.95	1.04	1.12	1.05	1.07	1.11	1.06	1.04	0.94	1.40	
0.95	0.95	1.10	0.89	1.06	1.05	0.95	1.05	0.93	0.94	
0.94	1.03	1.13	0.87	1.05	1.05	1.05	1.05	1.03	0.90	
0.97	1.06	1.05	0.88	1.05	1.01	0.96	1.05	0.96	0.95	
1.02	1.06	1.05	0.87	1.05	0.97	0.98	1.05	0.92	0.92	
0.96	1.12	1.03	0.88	1.05	0.98	0.97	1.15	0.93	1.05	
0.96	1.06	4.50	1.02	1.11	0.96	0.98	1.06	0.94	0.96	
1.02	1.14	1.00	0.88	1.11	1.04	0.98	1.09	0.95	0.93	
0.96	1.06	1.07	0.88	1.35	1.04	1.00	1.08	0.97	0.92	
1.00	0.99	1.17	0.88	0.95	1.06	1.06	1.13	0.78	0.94	
0.90	1.07	1.07	0.87	0.91	0.99	0.97	0.82	0.83	0.92	
1.01	1.02	1.07	0.88	1.04	1.07	1.06	0.83	0.79	1.08	
1.07	1.25	1.12	0.88	1.05	0.98	0.96	0.81	0.80	0.92	
0.95	0.99	1.06	0.88	0.93	0.96	1.04	0.82	0.80	1.01	
0.96	0.98	4.50	0.87	0.90	0.95	0.83	1.05	0.79	0.81	
0.97	1.10	0.83	0.86	1.08	1.06	0.97	1.05	1.01	0.96	
0.94	1.04	1.14	0.87	1.06	1.05	0.99	1.05	1.03	0.91	
0.95	1.12	1.12	0.88	0.94	1.04	1.04	1.03	0.94	0.95	
0.97	1.16	1.05	0.91	1.06	0.95	1.05	1.06	0.94	0.94	
1.01	1.04	1.07	0.88	1.08	1.03	0.99	1.05	0.95	0.92	
0.96	1.09	1.09	1.04	1.06	0.94	0.98	1.06	1.03	1.04	
0.96	1.19	1.09	1.00	1.05	0.94	0.99	1.05	1.03	0.93	
1.00	1.11	1.06	1.03	1.05	0.94	1.04	1.11	0.95	0.95	
0.98	1.07	1.07	1.04	1.06	0.94	0.97	1.15	0.94	0.92	
0.96	0.98	1.05	1.03	1.05	1.07	0.99	1.57	1.02	0.93	
0.97	1.00	1.17	1.02	1.04	1.07	1.07	1.56	1.03	0.92	
0.95	1.07	1.07	1.04	1.07	1.11	0.98	1.57	0.98	0.93	
0.97	1.03	1.07	1.01	1.07	1.06	0.98	1.11	1.03	1.06	
0.97	1.06	1.07	1.03	1.06	0.97	0.98	1.00	0.95	0.95	
0.97	0.97	1.05	0.89	0.84	0.97	1.07	1.06	0.98	0.95	
0.98	1.06	1.16	0.89	1.09	1.06	1.08	1.02	0.98	0.95	
1.02	1.07	1.09	1.00	0.95	1.09	1.00	1.08	0.99	1.08	
1.07	1.12	1.22	1.02	0.95	0.84	1.11	1.10	1.06	1.10	
1.07	1.04	1.16	0.96	1.09	0.85	1.07	1.10	1.05	1.09	
1.10	1.08	1.30	0.98	0.92	0.97	1.12	1.09	0.99	1.08	
1.03	1.01	4.50	0.95	0.93	1.21	0.99	1.09	1.02	1.10	
1.01	1.31	0.99	1.02	0.93	1.08	0.99	1.00	0.99	1.04	
1.01	1.08	1.04	0.99	1.13	1.09	0.99	1.12	1.02	0.98	
1.01	4.50	1.07	0.99	0.92	1.04	0.97	0.94	0.99	0.96	
0.94	0.95	1.12	0.99	0.94	1.03	0.92	0.92	0.94	0.96	
1.05	1.09	1.12	1.04	0.94	0.83	1.10	0.90	0.89	0.88	
1.07	1.02	1.13	1.08	1.06	0.85	1.05	1.20	0.88	0.91	
0.99	1.01	1.11	1.01	0.96	0.84	0.98	0.91	0.91	0.91	
1.00	1.12	4.50	1.07	0.93	1.07	0.96	0.96	0.94	0.94	
1.00	1.16	1.03	1.03	0.95	1.07	1.08	1.08	0.96	1.00	
0.96	1.09	1.09	1.00	0.96	1.06	0.96	1.09	0.93	0.99	
1.01	1.02	4.50	1.04	0.96	0.90	1.08	1.10	0.97	0.97	
1.03	1.05	1.02	1.00	0.95	1.12	1.10	1.09	0.98	0.99	
1.03	1.07	1.03	1.02	0.96	1.06	1.07	1.09	0.98	1.10	
1.03	1.12	1.17	1.03	0.95	1.05	0.96	1.09	0.99	0.98	
1.01	1.10	1.19	1.01	0.96	0.83	1.55	1.10	0.98	1.01	
1.03	1.13	1.04	1.01	1.06	0.90	1.08	1.08	0.93	0.99	
1.10	1.01	1.14	1.00	1.10	0.90	1.05	1.01	0.96	0.98	
1.05	1.12	1.03	1.01	1.11	1.03	1.05	1.13	0.97	0.95	
0.99	1.01	1.16	0.98	1.08	0.96	1.07	1.14	0.94	0.96	
1.01	1.07	1.12	0.94	1.11	0.90	1.02	1.09	0.98	0.97	
0.99	1.15	1.00	1.00	1.05	1.01	1.07	1.13	0.97	0.94	
1.01	1.03	1.18	1.00	1.06	0.90	0.97	0.99	0.97	0.95	
1.04	1.01	2.44	0.97	0.96	1.06	0.95	0.95	0.95	1.00	
1.00	1.03	1.10	1.03	0.93	0.86	0.97	1.56	0.97	0.93	
0.98	1.12	1.11	1.04	0.95	0.84	0.97	1.12	0.92	0.94	
0.93	1.10	4.50	0.88	0.94	1.08	0.96	1.16	0.86	1.02	
0.93	0.97	1.01	0.88	1.03	0.94	1.04	1.06	0.87	0.90	
0.96	0.98	4.50	0.88	0.93	0.84	0.98	1.10	0.98	0.92	
1.00	1.11	1.03	1.01	0.96	0.99	1.00	1.56	0.97	0.97	
0.99	1.08	4.50	0.97	1.03	0.95	1.03	1.03	0.99	0.99	
0.99	1.14	1.07	0.94	1.07	1.10	1.08	1.02	0.96	0.98	
1.00	1.06	2.42	0.97	1.07	1.06	1.02	1.03	0.97	1.04	
1.00	1.02	1.06	1.03	0.94	0.94	1.04	1.10	0.98	1.09	
1.01	1.03	1.09	0.94	0.84	0.85	1.07	1.16	0.96	0.95	
0.94	1.06	1.09	0.92	0.84	0.93	1.03	1.01	0.97	0.95	
0.98	0.98	1.03	0.95	0.84	0.83	1.08	1.08	0.95	1.37	
0.96	1.01	1.14	0.96	0.94	0.96	0.98	0.98	1.01	0.94	
0.98	1.08	1.04	0.96	0.94	0.96	0.96	1.06	1.01	1.01	
0.98	1.04	1.09	0.95	0.94	0.84	1.09	0.99	0.97	0.94	
0.97	1.10	1.11	1.08	0.95	0.87	1.04	1.02	1.00	0.94	
1.03	1.02	1.17	0.94	0.97	0.95	0.97	1.08	0.97	0.96	
0.99	1.01	1.23	0.97	0.98	0.94	0.99	1.04	1.00	0.94	
0.97	1.07	1.01	0.96	0.96	0.95	1.13	1.05	0.98	0.95	
0.96	1.09	1.03	0.98	0.95	0.90	1.02	1.10	0.96	0.95	
0.98	1.08	1.13	0.95	0.97	0.90	0.98	1.16	1.01	0.96	
0.96	1.05	1.10	0.97	0.96	0.91	0.97	1.07	0.95	0.96	
0.97	1.12	1.01	1.01	0.98	0.92	0.99	1.17	0.95	1.03	
0.97	1.11	1.13	0.98	0.96	0.90	0.99	1.08	0.94	0.95	
0.97	1.05	1.02	1.01	0.96	0.92	0.98	1.57	0.95	0.95	
0.97	1.08	1.05	1.01	0.96	0.93	1.06	1.57	0.94	0.94	
0.95	1.02	1.13	1.02	0.95	0.92	0.99	1.08	0.95	0.95	
0.96	1.09	1.04	1.03	0.97	0.89	1.03	1.08	0.97	0.93	
0.97	1.07	1.02	1.03	0.97	0.84	1.07	1.05	0.99	0.95	
1.06	1.08	1.07	1.05	0.95	0.91	1.04	1.03	0.99	0.95	
1.06	1.15	1.08	0.95	1.09	0.89	1.09	1.07	0.99	1.00	
1.06	1.20	1.14	1.06	0.83	0.91	1.56	1.10	1.01	1.00	
1.09	1.19	1.12	0.90	0.92	0.87	0.97	1.11	1.03	1.00	
1.08	1.14	1.19	1.06	0.99	0.86	0.98	1.11	1.02	1.13	
1.05	1.08	1.09	1.05	1.00	1.09	1.07	1.07	1.04	1.01	
1.01	1.11	1.07	1.05	1.06	0.95	1.08	1.06	0.99	1.01	
0.97	1.10	1.09	1.09	0.92	0.96	1.05	1.08	0.97	0.97	
0.99	1.01	1.09	1.04	0.90	1.14	0.91	1.13	0.99	0.98	
0.95	1.04	0.91	0.87	0.93	0.87	1.11	1.13	0.97	1.00	
0.98	1.15	1.46	0.86	0.92	0.89	1.09	1.11	1.02	0.99	
0.98	1.10	1.22	0.82	0.90	1.07	1.11	1.08	0.97	1.01	
0.94	1.16	1.05	0.88	0.91	0.89	1.04	1.16	1.00	0.97	
0.93	0.95	0.86	0.84	0.91	0.85	0.95	1.06	1.07	0.97	
0.99	1.08	0.90	0.87	0.94	0.87	0.94	1.10	0.96	0.97	
0.92	1.03	1.10	0.92	0.93	0.95	1.10	1.07	0.93	0.94	
1.11	1.08	1.10	0.96	0.96	1.05	1.06	1.00	0.97	0.99	
1.05	1.28	4.50	1.00	0.95	1.07	1.06	1.08	0.97	0.98	
1.20	1.09	1.04	1.01	0.91	0.85	1.05	1.04	0.95	0.93	
1.05	1.12	2.48	1.03	0.91	1.04	1.06	1.09	0.95	0.92	
1.07	1.20	1.04	0.88	0.90	1.01	1.10	1.58	1.00	1.04	
0.99	1.12	1.09	1.03	0.90	0.85	1.06	1.10	1.01	0.93	
0.88	1.19	4.50	0.86	0.99	0.99	1.05	1.56	0.81	1.53	
1.11	1.18	0.77	1.00	0.95	0.99	1.03	1.01	1.03	1.01	
0.83	4.50	0.93	0.89	0.91	0.84	0.96	1.03	0.86	0.87	
0.96	0.99	1.00	1.03	1.09	0.84	1.05	1.56	0.96	0.91	
0.97	0.98	2.45	0.96	1.05	1.03	0.99	1.04	0.93	0.91	
0.97	1.07	0.95	0.90	0.89	0.95	0.97	1.57	0.89	0.88	
1.10	0.94	1.14	0.97	0.91	0.93	0.99	0.98	0.81	0.82	
0.88	0.87	4.50	0.90	0.97	0.93	0.97	0.76	0.73	0.74	
0.84	2.49	0.85	0.87	0.93	0.88	0.96	0.95	0.73	0.94	
0.97	0.86	0.94	0.88	0.91	0.87	0.95	1.04	0.75	1.59	
0.93	0.84	0.94	0.92	0.90	0.90	0.99	1.56	0.78	1.25	
0.91	1.00	1.02	0.93	0.93	0.96	1.04	1.01	1.00	1.04	
0.90	0.96	0.94	0.93	0.92	1.00	0.99	1.26	0.86	1.04	
0.88	0.89	0.91	0.92	0.92	1.01	0.99	1.00	0.79	0.78	
0.91	4.50	4.50	0.96	0.92	0.93	0.98	1.00	0.79	0.78	
0.90	0.95	0.87	0.91	0.91	0.96	1.01	1.01	0.78	1.03	
0.95	0.81	0.95	1.15	0.92	0.85	0.96	1.56	0.66	1.68	
1.12	4.50	2.48	0.73	0.86	0.83	0.99	0.56	0.53	1.18	
0.90	0.67	1.16	0.82	0.94	0.80	0.90	0.65	0.63	0.98	
0.97	0.83	0.95	0.88	0.93	0.94	0.92	0.97	0.78	0.96	
0.91	4.50	1.12	1.04	1.09	1.01	1.09	1.56	0.96	0.93	
1.00	0.98	1.07	1.08	1.06	1.07	1.04	1.16	0.98	0.95	
0.96	1.00	1.09	0.97	1.06	0.95	1.08	0.97	0.93	0.91	
1.07	1.23	1.12	0.94	0.98	0.89	1.05	1.08	0.78	0.99	
0.86	4.50	4.50	0.78	0.84	0.79	0.89	0.76	0.55	2.45	
0.66	0.64	0.64	0.67	0.75	0.72	0.86	0.80	0.67	0.69	
0.73	0.75	0.66	0.66	0.70	0.74	0.82	4.50	0.81	0.57	
0.77	1.13	0.73	0.67	0.68	0.68	0.70	0.06	0.41	4.50	
0.57	0.61	4.50	0.59	0.58	0.89	1.55	1.57	0.79	0.52	
0.89	0.35	0.41	1.13	0.59	0.53	0.58	0.53	0.57	1.16	
0.79	0.33	0.46	0.47	0.53	1.08	0.52	1.42	0.93	1.41	
1.11	0.48	0.48	0.46	0.52	0.52	1.55	1.44	0.92	1.42	
1.10	2.45	2.44	0.45	0.52	0.48	0.73	1.08	1.27	1.06	
1.16	0.43	0.44	0.43	0.53	0.46	1.39	1.42	0.93	0.49	
0.41	0.46	0.47	0.44	0.54	0.47	1.44	1.43	0.50	0.89	
0.54	0.49	1.84	0.49	0.55	0.51	0.55	1.20	1.15	1.19	
0.56	0.56	0.56	0.52	0.88	0.54	1.41	0.97	1.38	0.95	
1.11	0.59	0.57	0.61	0.60	0.60	1.55	1.42	0.60	1.74	
0.63	0.60	4.50	0.59	0.57	0.61	0.57	1.57	0.50	1.85	
1.11	0.65	0.59	1.03	0.55	0.64	1.55	1.55	0.48	0.52	
1.14	4.50	1.45	1.12	1.30	0.69	0.39	0.39	0.44	0.41	
1.11	1.48	1.13	1.13	1.10	0.94	1.42	1.04	0.25	0.97	
1.11	1.49	1.44	1.12	1.11	1.28	1.11	1.26	1.09	1.19	
1.11	1.47	1.44	1.23	1.15	1.22	1.16	1.21	1.13	1.20	
1.13	1.48	1.46	1.15	1.05	1.33	1.07	1.29	1.05	1.29	
1.12	1.48	1.45	0.94	1.41	0.97	1.44	0.96	1.38	0.97	
1.11	1.49	1.14	1.12	1.02	1.36	1.06	1.32	1.03	1.30	
1.10	1.47	1.46	1.11	1.29	1.08	1.30	1.09	1.27	1.06	
1.11	1.49	1.46	1.12	1.00	1.39	0.99	1.37	0.98	1.35	
1.13	1.48	1.13	1.13	1.26	1.01	1.37	1.02	1.33	1.00	
