1.06	1.33	1.21	1.08	1.15	1.12	1.15	1.17	1.05	1.08	
1.20	1.23	1.08	1.05	1.06	1.04	1.11	1.11	1.05	1.39	
1.22	1.09	1.18	1.07	1.09	0.91	1.19	1.18	1.07	1.27	
1.20	1.15	1.21	1.07	1.12	1.18	1.18	1.08	1.08	1.22	
1.23	1.18	1.18	1.01	1.14	1.15	1.33	1.06	1.07	1.37	
1.08	1.21	1.22	0.98	0.87	0.96	1.61	1.16	1.16	1.04	
1.20	1.20	1.08	1.06	0.86	0.94	1.19	1.14	0.98	1.00	
1.19	1.22	1.17	1.11	0.90	0.95	1.13	1.13	0.96	1.23	
1.22	2.52	2.50	1.00	0.77	1.06	1.10	1.43	0.93	1.16	
0.98	1.18	1.13	0.96	0.75	0.73	1.02	1.60	0.85	1.60	
1.20	1.19	1.25	1.02	0.75	0.90	1.01	1.10	1.04	1.40	
1.22	1.19	1.20	0.91	0.89	0.98	1.08	1.61	0.85	1.60	
1.19	1.07	1.30	0.81	0.92	0.86	0.98	1.61	0.82	1.62	
1.21	1.21	1.08	0.80	0.81	0.83	1.05	1.63	0.80	1.63	
1.20	1.20	1.22	0.81	0.72	0.75	1.02	1.61	0.84	1.60	
1.19	2.52	2.48	0.80	0.90	0.78	1.60	1.62	0.80	1.64	
1.22	1.20	1.18	0.79	0.94	0.93	1.01	1.61	0.79	1.65	
1.20	1.22	1.21	0.80	0.94	0.87	1.60	1.62	0.79	1.66	
1.21	1.22	1.18	0.79	0.98	0.82	1.01	1.61	0.80	1.64	
1.21	1.19	1.19	0.79	0.98	0.81	1.04	1.60	0.79	1.65	
1.19	1.21	2.48	0.78	0.71	0.81	1.01	1.61	0.80	1.65	
1.19	1.24	1.17	0.78	0.98	0.81	1.01	1.61	0.79	1.65	
1.20	1.18	1.21	0.79	0.99	0.97	1.01	1.60	0.80	1.64	
1.21	1.20	1.20	0.78	0.95	0.82	0.77	1.61	0.79	1.65	
1.22	1.19	1.20	0.79	0.94	0.82	1.02	1.62	0.79	1.66	
1.20	1.21	1.18	0.78	0.95	1.00	1.01	1.61	0.79	1.66	
1.21	1.20	1.20	0.79	0.94	0.77	1.04	1.61	0.78	1.66	
1.23	1.06	1.33	0.81	0.90	0.80	1.05	1.61	0.79	1.66	
1.22	1.19	1.19	0.77	0.93	0.78	1.04	1.62	0.80	1.65	
1.22	1.19	1.19	0.78	0.88	0.81	1.07	1.61	0.80	1.65	
1.21	1.21	1.19	0.97	0.93	0.80	1.60	1.64	0.79	1.65	
1.20	1.23	1.15	0.77	0.88	0.93	1.60	1.61	0.80	1.65	
1.20	1.23	2.49	0.79	0.89	0.75	1.60	1.62	0.78	1.66	
1.21	1.21	1.18	0.77	0.89	0.72	1.61	1.62	0.79	1.66	
1.20	1.23	1.20	0.78	0.87	0.75	1.60	1.60	0.80	1.65	
1.22	1.19	1.20	0.77	0.95	0.80	1.60	1.63	0.79	1.67	
1.20	1.26	1.14	0.77	0.90	0.73	1.02	1.61	0.80	1.64	
1.23	1.18	1.21	0.79	0.92	0.81	1.03	0.77	0.79	0.80	
1.19	2.50	2.48	0.77	0.91	0.83	1.60	0.78	1.02	0.64	
1.19	1.22	1.18	0.77	0.85	0.68	1.01	0.78	0.80	0.78	
1.21	1.19	1.20	0.80	0.93	0.72	1.06	0.77	1.66	0.79	
1.20	1.21	1.18	0.97	0.79	0.72	1.60	0.77	1.00	0.59	
1.21	1.19	1.20	0.79	0.79	0.70	1.02	0.78	0.80	0.77	
1.21	1.19	1.20	0.96	0.89	0.79	1.02	0.78	1.66	0.79	
1.20	1.21	1.19	0.96	0.88	0.79	1.03	1.62	0.83	1.61	
1.20	1.20	1.19	0.79	0.87	0.94	1.02	0.77	0.80	0.79	
1.20	1.18	1.21	0.79	0.87	0.94	1.02	0.78	0.79	0.78	
1.20	1.22	1.18	0.96	1.00	0.81	1.04	0.78	1.32	1.12	
1.22	1.18	1.21	0.94	1.01	0.96	1.01	0.78	1.32	1.12	
1.21	1.18	1.23	0.94	0.88	0.78	1.60	0.77	1.01	0.60	
1.21	1.21	1.17	0.97	0.71	0.93	1.02	0.78	0.79	0.78	
1.20	1.18	1.24	0.97	0.86	0.85	1.01	0.78	0.79	0.79	
1.20	1.20	1.21	0.95	0.77	0.76	1.01	1.62	0.81	1.64	
1.20	1.22	1.18	0.79	0.72	0.98	1.01	1.63	0.82	1.62	
1.21	1.18	1.21	0.95	0.71	0.86	1.02	0.79	0.79	0.78	
1.21	1.20	1.20	0.95	0.71	0.78	1.61	0.76	0.99	0.62	
1.19	2.49	2.48	0.78	1.01	0.80	1.01	0.76	0.98	0.63	
1.20	1.23	1.21	0.95	0.96	0.95	1.00	0.76	0.99	0.61	
1.20	1.21	1.19	0.77	1.02	0.76	1.00	0.77	1.00	0.60	
1.21	1.19	1.25	0.77	0.90	0.64	1.03	0.76	0.98	0.64	
1.20	1.19	1.20	0.77	0.90	0.77	1.01	0.77	0.99	0.62	
1.20	1.19	1.21	0.93	0.88	0.94	1.60	0.76	1.00	0.61	
1.21	1.22	1.21	0.77	0.97	0.81	1.01	0.76	1.63	0.82	
1.20	1.21	1.19	0.77	0.98	0.79	1.01	0.76	0.80	0.80	
1.21	1.18	1.23	0.92	0.97	0.80	1.60	0.77	1.67	0.79	
1.23	1.18	1.20	0.93	0.96	0.94	1.61	0.76	0.99	0.63	
1.22	1.18	1.20	0.98	0.96	0.80	1.03	0.77	0.99	0.62	
1.22	1.18	1.22	0.93	0.91	0.78	1.00	0.77	1.01	0.60	
1.20	1.24	1.17	0.77	1.02	0.79	0.98	0.76	0.98	0.64	
1.20	1.14	2.48	0.77	0.72	0.71	1.00	0.76	1.69	0.76	
1.22	1.19	1.22	0.77	0.91	0.80	1.60	0.76	1.68	0.77	
1.22	1.19	1.20	0.78	0.87	0.69	1.60	0.76	1.01	0.61	
1.19	1.20	1.19	0.78	0.79	0.72	1.01	0.76	0.98	0.64	
1.24	1.16	1.21	0.79	0.90	0.95	1.60	0.76	0.99	0.62	
1.20	1.21	1.18	0.94	0.89	0.91	1.60	0.76	1.00	0.62	
1.21	1.19	2.48	0.97	0.96	0.80	1.59	0.76	0.97	0.65	
1.20	1.26	1.20	0.98	0.88	0.96	1.00	0.76	0.99	0.62	
1.20	1.21	1.18	0.97	0.99	0.95	0.96	0.76	1.68	0.78	
1.20	1.21	1.18	0.77	0.89	0.76	1.00	0.75	0.79	0.82	
1.20	2.50	2.49	0.76	0.89	0.78	1.60	0.76	0.99	0.62	
1.20	1.21	1.17	0.77	0.75	0.77	1.02	0.77	1.01	0.60	
1.20	1.19	2.48	0.76	0.79	0.75	0.76	0.77	0.98	0.62	
1.20	1.24	1.14	0.97	0.88	0.74	1.00	0.76	1.01	0.60	
1.19	1.21	2.48	0.78	0.79	0.91	1.00	0.98	1.45	1.00	
1.19	1.21	1.18	0.87	0.89	0.86	0.96	1.60	0.82	1.61	
1.06	1.35	2.48	0.87	0.90	0.92	0.96	0.86	0.99	0.52	
1.21	0.88	1.52	0.87	0.75	0.71	0.89	0.90	0.88	0.59	
1.06	1.36	1.06	0.87	0.91	0.71	0.90	0.97	1.47	0.97	
0.92	0.90	1.49	0.87	0.76	0.98	0.89	1.61	0.83	1.61	
0.91	1.48	0.85	0.85	0.75	0.70	0.97	0.85	0.86	0.65	
1.11	1.22	2.49	0.92	0.89	0.72	0.94	1.62	0.83	1.62	
1.20	1.03	1.01	0.82	0.74	0.70	0.94	1.60	0.85	1.59	
1.21	1.21	2.50	0.82	0.90	0.85	1.04	1.62	0.84	1.60	
1.21	1.20	1.19	0.83	0.88	0.71	1.01	1.46	0.85	1.59	
1.22	2.49	0.83	0.83	0.95	0.70	0.84	1.60	0.85	1.00	
1.21	1.24	1.20	0.83	0.93	0.86	1.03	0.83	0.85	0.69	
1.21	1.19	1.20	0.69	0.71	0.69	0.83	1.63	0.81	1.02	
1.23	1.17	1.20	0.84	0.72	0.76	1.61	0.84	0.84	0.68	
1.21	1.20	0.81	0.70	0.72	0.68	0.84	0.85	1.58	0.86	
1.20	1.21	1.17	0.71	0.86	0.70	0.87	1.64	0.81	1.63	
1.23	1.16	0.84	0.70	0.70	0.89	1.60	1.61	0.83	1.61	
1.20	1.20	0.82	0.89	0.72	0.76	0.94	1.62	0.83	1.62	
1.20	1.05	0.82	0.71	0.89	0.68	1.02	1.62	0.82	1.62	
1.20	2.53	0.82	0.84	0.87	0.98	1.01	1.60	0.85	1.59	
1.22	1.09	0.82	0.86	0.87	0.68	1.03	1.62	0.84	1.60	
1.22	1.03	0.82	0.69	0.74	0.84	1.61	1.62	0.83	1.61	
1.20	1.01	0.85	0.69	0.73	0.84	1.60	1.61	0.83	1.61	
1.20	1.21	0.82	0.83	0.72	0.72	0.96	1.61	0.84	1.60	
1.22	1.07	1.31	0.82	0.71	0.76	1.61	1.61	0.84	1.61	
1.20	1.21	1.18	0.70	0.72	0.70	1.61	1.61	0.84	1.62	
1.22	1.17	1.20	0.72	0.88	0.68	1.60	1.60	0.85	1.60	
1.21	1.19	1.20	0.83	0.73	0.69	1.06	1.60	0.84	1.60	
1.21	1.20	1.17	0.81	0.93	0.95	0.97	1.61	0.83	1.61	
1.23	1.18	2.48	0.72	0.93	0.97	1.06	1.61	0.83	1.62	
1.20	1.19	1.26	0.70	0.87	0.98	1.10	0.98	1.45	0.99	
1.20	1.21	1.20	0.79	0.74	0.70	0.85	0.83	1.05	1.40	
1.20	1.22	1.18	0.71	0.71	0.71	0.85	0.83	1.06	1.38	
0.91	2.50	2.48	0.70	0.89	0.68	0.85	0.99	1.02	1.43	
0.89	1.51	2.48	0.70	0.74	0.68	0.85	0.96	1.48	0.96	
1.23	1.21	1.19	0.71	0.90	0.93	1.00	0.97	1.00	1.44	
0.87	1.52	2.50	0.79	0.87	0.67	0.84	0.83	0.86	0.67	
1.20	1.22	1.23	0.79	0.71	0.79	0.84	0.82	0.98	0.57	
1.20	1.20	1.18	0.80	0.91	0.87	0.84	0.82	1.62	0.84	
1.20	1.18	1.20	0.79	0.90	0.96	0.87	0.84	1.59	0.86	
0.91	1.23	2.48	0.80	0.73	0.77	1.60	0.85	0.97	0.55	
1.23	1.17	2.48	0.72	0.91	0.92	0.94	0.83	1.61	0.85	
1.20	1.19	1.21	0.70	0.92	0.92	0.86	0.84	1.60	0.85	
1.22	1.19	1.20	0.91	0.73	0.66	1.01	1.46	0.97	1.48	
1.23	1.15	1.22	0.69	0.73	0.85	1.05	1.42	1.02	1.44	
1.21	1.21	1.21	0.68	0.93	0.68	0.96	1.61	0.83	1.62	
0.88	1.52	2.49	0.80	0.92	0.67	1.00	1.62	0.83	1.62	
1.21	1.05	1.35	0.80	0.90	0.66	0.95	1.60	0.85	1.60	
0.91	1.03	1.36	0.80	0.75	0.67	0.83	0.85	0.97	0.56	
1.21	1.18	1.25	0.80	0.72	0.66	0.84	0.84	1.59	0.87	
1.21	1.18	1.21	0.80	0.75	0.70	0.85	1.60	0.84	1.61	
1.22	1.19	1.02	0.79	0.73	0.83	0.84	2.53	2.53	2.55	
1.22	1.19	1.21	0.79	0.74	0.74	0.85	2.54	0.99	1.45	
1.21	1.19	1.20	0.70	0.86	0.72	0.84	0.82	1.62	0.84	
1.24	1.18	1.20	0.79	0.87	0.69	0.85	0.84	1.60	0.86	
1.21	0.99	1.39	0.79	0.69	0.68	0.83	0.83	1.61	0.84	
0.88	1.21	1.22	0.79	0.87	0.67	0.83	0.83	1.61	0.84	
1.20	2.50	2.48	0.80	0.87	0.86	0.84	0.83	1.61	0.84	
1.21	1.20	1.21	0.79	0.70	0.67	0.85	0.82	1.61	0.83	
1.20	1.18	1.19	0.79	0.89	0.67	0.82	0.82	1.61	0.83	
1.20	1.21	2.49	0.80	0.72	0.68	0.72	0.82	0.82	0.72	
1.20	2.49	2.48	0.80	0.71	0.69	0.82	0.83	1.60	0.85	
1.21	2.51	2.47	0.79	0.91	0.69	0.82	0.83	1.61	0.85	
1.22	1.20	1.19	0.80	0.71	0.84	0.71	1.62	0.83	1.62	
0.91	1.51	2.48	0.79	0.73	0.79	0.81	1.62	0.84	1.61	
1.21	1.24	2.49	0.80	0.87	0.68	0.81	1.62	0.82	1.63	
1.20	1.26	1.18	0.95	0.69	0.65	0.82	1.61	0.83	1.61	
1.21	1.19	1.21	0.79	0.68	0.68	0.82	1.60	0.85	1.59	
0.88	1.22	2.49	0.68	0.69	0.67	0.81	1.63	0.82	1.63	
1.19	1.22	1.18	0.78	0.69	0.67	0.82	1.63	0.83	1.61	
0.88	1.52	2.49	0.78	0.71	0.66	0.81	1.63	0.83	1.61	
1.20	1.21	1.18	0.80	0.72	0.77	0.81	1.61	0.83	1.62	
1.20	1.20	1.23	0.79	0.71	0.80	0.81	1.61	0.84	1.60	
1.21	1.19	1.22	0.69	0.88	0.66	0.81	1.63	0.83	1.61	
1.20	1.21	1.18	0.79	0.69	0.67	0.81	1.61	0.84	1.60	
1.19	1.21	2.48	0.80	0.88	0.66	0.81	1.60	0.85	1.60	
1.20	1.19	1.00	0.68	0.85	0.78	0.82	1.64	0.82	1.62	
1.20	1.20	1.20	0.79	0.87	0.64	0.85	0.97	1.00	1.46	
0.88	1.21	1.19	0.79	0.89	0.63	0.82	1.61	0.85	1.59	
0.86	1.21	0.82	0.80	0.87	0.62	0.84	1.62	0.84	1.61	
0.87	1.52	2.49	0.66	0.90	0.73	0.98	1.61	0.84	1.60	
0.86	1.53	2.48	0.67	0.87	0.64	0.81	1.62	0.84	1.60	
0.93	1.47	2.49	0.67	0.87	0.63	0.99	1.61	0.84	1.60	
0.84	1.58	1.29	0.67	0.91	0.63	1.60	1.62	0.83	1.62	
0.85	1.57	2.48	0.79	0.69	0.80	1.01	1.61	0.83	1.62	
0.84	1.56	1.19	0.68	0.86	0.76	0.82	0.82	1.62	0.84	
0.84	1.57	2.49	0.79	0.92	0.64	0.82	1.61	0.83	1.62	
0.85	1.56	2.48	0.66	0.70	0.83	0.82	1.62	0.83	1.63	
0.84	1.56	2.48	0.67	0.94	0.68	0.82	1.63	0.83	1.61	
0.85	1.02	1.37	0.80	0.87	0.83	0.82	1.61	0.84	1.61	
0.85	1.19	2.48	0.67	0.86	0.76	0.82	1.62	0.83	1.61	
0.84	1.57	2.49	0.67	0.85	0.76	0.81	1.62	0.83	1.61	
0.85	1.56	2.49	0.66	0.85	0.79	0.81	1.61	0.85	1.60	
0.85	1.53	2.49	0.65	0.84	0.85	0.81	1.60	0.86	1.59	
0.86	1.52	2.47	0.66	0.85	0.77	0.82	1.62	0.84	1.60	
0.91	1.49	2.48	0.67	0.85	0.78	0.95	1.52	0.93	1.51	
0.86	1.54	2.48	0.90	0.69	0.71	0.97	1.61	0.84	1.60	
0.85	1.57	2.49	0.70	0.85	0.82	0.98	1.62	0.83	1.62	
